0
0.025
0.075
0.125
0.175
0.225
0.275
0.325
0.375
0.425
0.475
0.525
0.575
0.625
0.675
0.725
0.775
0.825
0.875
0.925
0.975
1.025
1.075
1.125
1.175
1.225
1.275
1.325
1.375
1.425
1.475
1.525
1.575
1.625
1.675
1.725
1.775
1.825
1.875
1.925
1.975
2.025
2.075
2.125
2.175
2.225
2.275
2.325
2.375
2.425
2.475
2.525
2.575
2.625
2.675
2.725
2.775
2.825
2.875
2.925
2.975
3.025
3.075
3.125
3.175
3.225
3.275
3.325
3.375
3.425
3.475
3.525
3.575
3.625
3.675
3.725
3.775
3.825
3.875
3.925
3.975
4.025
4.075
4.125
4.175
4.225
4.275
4.325
4.375
4.425
4.475
4.525
4.575
4.625
4.675
4.725
4.775
4.825
4.875
4.925
4.975
5.025
5.075
5.125
5.175
5.225
5.275
5.325
5.375
5.425
5.475
5.525
5.575
5.625
5.675
5.725
5.775
5.825
5.875
5.925
5.975
6.025
6.075
6.125
6.175
6.225
6.275
6.325
6.375
6.425
6.475
6.525
6.575
6.625
6.675
6.725
6.775
6.825
6.875
6.925
6.975
7.025
7.075
7.125
7.175
7.225
7.275
7.325
7.375
7.425
7.475
7.525
7.575
7.625
7.675
7.725
7.775
7.825
7.875
7.925
7.975
8.025
8.075
8.125
8.175
8.225
8.275
8.325
8.375
8.425
8.475
8.525
8.575
8.625
8.675
8.725
8.775
8.825
8.875
8.925
8.975
9.025
9.075
9.125
9.175
9.225
9.275
9.325
9.375
9.425
9.475
9.525
9.575
9.625
9.675
9.725
9.775
9.825
9.875
9.925
9.975
10.025
10.075
10.125
10.175
10.225
10.275
10.325
10.375
10.425
10.475
10.525
10.575
10.625
10.675
10.725
10.775
10.825
10.875
10.925
10.975
11.025
11.075
11.125
11.175
11.225
11.275
11.325
11.375
11.425
11.475
11.525
11.575
11.625
11.675
11.725
11.775
11.825
11.875
11.925
11.975
12.025
12.075
12.125
12.175
12.225
12.275
12.325
12.375
12.425
12.475
12.525
12.575
12.625
12.675
12.725
12.775
12.825
12.875
12.925
12.975
13.025
13.075
13.125
13.175
13.225
13.275
13.325
13.375
13.425
13.475
13.525
13.575
13.625
13.675
13.725
13.775
13.825
13.875
13.925
13.975
14.025
14.075
14.125
14.175
14.225
14.275
14.325
14.375
14.425
14.475
14.525
14.575
14.625
14.675
14.725
14.775
14.825
14.875
14.925
14.975
15.025
15.075
15.125
15.175
15.225
15.275
15.325
15.375
15.425
15.475
15.525
15.575
15.625
15.675
15.725
15.775
15.825
15.875
15.925
15.975
16.025
16.075
16.125
16.175
16.225
16.275
16.325
16.375
16.425
16.475
16.525
16.575
16.625
16.675
16.725
16.775
16.825
16.875
16.925
16.975
17.025
17.075
17.125
17.175
17.225
17.275
17.325
17.375
17.425
17.475
17.525
17.575
17.625
17.675
17.725
17.775
17.825
17.875
17.925
17.975
18.025
18.075
18.125
18.175
18.225
18.275
18.325
18.375
18.425
18.475
18.525
18.575
18.625
18.675
18.725
18.775
18.825
18.875
18.925
18.975
19.025
19.075
19.125
19.175
19.225
19.275
19.325
19.375
19.425
19.475
19.525
19.575
19.625
19.675
19.725
19.775
19.825
19.875
19.925
19.975
20.025
20.075
20.125
20.175
20.225
20.275
20.325
20.375
20.425
20.475
20.525
20.575
20.625
20.675
20.725
20.775
20.825
20.875
20.925
20.975
21.025
21.075
21.125
21.175
21.225
21.275
21.325
21.375
21.425
21.475
21.525
21.575
21.625
21.675
21.725
21.775
21.825
21.875
21.925
21.975
22.025
22.075
22.125
22.175
22.225
22.275
22.325
22.375
22.425
22.475
22.525
22.575
22.625
22.675
22.725
22.775
22.825
22.875
22.925
22.975
23.025
23.075
23.125
23.175
23.225
23.275
23.325
23.375
23.425
23.475
23.525
23.575
23.625
23.675
23.725
23.775
23.825
23.875
23.925
23.975
24.025
24.075
24.125
24.175
24.225
24.275
24.325
24.375
24.425
24.475
24.525
24.575
24.625
24.675
24.725
24.775
24.825
24.875
24.925
24.975
25.025
25.075
25.125
25.175
25.225
25.275
25.325
25.375
25.425
25.475
25.525
25.575
25.625
25.675
25.725
25.775
25.825
25.875
25.925
25.975
26.025
26.075
26.125
26.175
26.225
26.275
26.325
26.375
26.425
26.475
26.525
26.575
26.625
26.675
26.725
26.775
26.825
26.875
26.925
26.975
27.025
27.075
27.125
27.175
27.225
27.275
27.325
27.375
27.425
27.475
27.525
27.575
27.625
27.675
27.725
27.775
27.825
27.875
27.925
27.975
28.025
28.075
28.125
28.175
28.225
28.275
28.325
28.375
28.425
28.475
28.525
28.575
28.625
28.675
28.725
28.775
28.825
28.875
28.925
28.975
29.025
29.075
29.125
29.175
29.225
29.275
29.325
29.375
29.425
29.475
29.525
29.575
29.625
29.675
29.725
29.775
29.825
29.875
29.925
29.975
30.025
30.075
30.125
30.175
30.225
30.275
30.325
30.375
30.425
30.475
30.525
30.575
30.625
30.675
30.725
30.775
30.825
30.875
30.925
30.975
31.025
31.075
31.125
31.175
31.225
31.275
31.325
31.375
31.425
31.475
31.525
31.575
31.625
31.675
31.725
31.775
31.825
31.875
31.925
31.975
32.025
32.075
32.125
32.175
32.225
32.275
32.325
32.375
32.425
32.475
32.525
32.575
32.625
32.675
32.725
32.775
32.825
32.875
32.925
32.975
33.025
33.075
33.125
33.175
33.225
33.275
33.325
33.375
33.425
33.475
33.525
33.575
33.625
33.675
33.725
33.775
33.825
33.875
33.925
33.975
34.025
34.075
34.125
34.175
34.225
34.275
34.325
34.375
34.425
34.475
34.525
34.575
34.625
34.675
34.725
34.775
34.825
34.875
34.925
34.975
35.025
35.075
35.125
35.175
35.225
35.275
35.325
35.375
35.425
35.475
35.525
35.575
35.625
35.675
35.725
35.775
35.825
35.875
35.925
35.975
36.025
36.075
36.125
36.175
36.225
36.275
36.325
36.375
36.425
36.475
36.525
36.575
36.625
36.675
36.725
36.775
36.825
36.875
36.925
36.975
37.025
37.075
37.125
37.175
37.225
37.275
37.325
37.375
37.425
37.475
37.525
37.575
37.625
37.675
37.725
37.775
37.825
37.875
37.925
37.975
38.025
38.075
38.125
38.175
38.225
38.275
38.325
38.375
38.425
38.475
38.525
38.575
38.625
38.675
38.725
38.775
38.825
38.875
38.925
38.975
39.025
39.075
39.125
39.175
39.225
39.275
39.325
39.375
39.425
39.475
39.525
39.575
39.625
39.675
39.725
39.775
39.825
39.875
39.925
39.975
40.025
40.075
40.125
40.175
40.225
40.275
40.325
40.375
40.425
40.475
40.525
40.575
40.625
40.675
40.725
40.775
40.825
40.875
40.925
40.975
41.025
41.075
41.125
41.175
41.225
41.275
41.325
41.375
41.425
41.475
41.525
41.575
41.625
41.675
41.725
41.775
41.825
41.875
41.925
41.975
42.025
42.075
42.125
42.175
42.225
42.275
42.325
42.375
42.425
42.475
42.525
42.575
42.625
42.675
42.725
42.775
42.825
42.875
42.925
42.975
43.025
43.075
43.125
43.175
43.225
43.275
43.325
43.375
43.425
43.475
43.525
43.575
43.625
43.675
43.725
43.775
43.825
43.875
43.925
43.975
44.025
44.075
44.125
44.175
44.225
44.275
44.325
44.375
44.425
44.475
44.525
44.575
44.625
44.675
44.725
44.775
44.825
44.875
44.925
44.975
45.025
45.075
45.125
45.175
45.225
45.275
45.325
45.375
45.425
45.475
45.525
45.575
45.625
45.675
45.725
45.775
45.825
45.875
45.925
45.975
46.025
46.075
46.125
46.175
46.225
46.275
46.325
46.375
46.425
46.475
46.525
46.575
46.625
46.675
46.725
46.775
46.825
46.875
46.925
46.975
47.025
47.075
47.125
47.175
47.225
47.275
47.325
47.375
47.425
47.475
47.525
47.575
47.625
47.675
47.725
47.775
47.825
47.875
47.925
47.975
48.025
48.075
48.125
48.175
48.225
48.275
48.325
48.375
48.425
48.475
48.525
48.575
48.625
48.675
48.725
48.775
48.825
48.875
48.925
48.975
49.025
49.075
49.125
49.175
49.225
49.275
49.325
49.375
49.425
49.475
49.525
49.575
49.625
49.675
49.725
49.775
49.825
49.875
49.925
49.975
50.025
50.075
50.125
50.175
50.225
50.275
50.325
50.375
50.425
50.475
50.525
50.575
50.625
50.675
50.725
50.775
50.825
50.875
50.925
50.975
51.025
51.075
51.125
51.175
51.225
51.275
51.325
51.375
51.425
51.475
51.525
51.575
51.625
51.675
51.725
51.775
51.825
51.875
51.925
51.975
52.025
52.075
52.125
52.175
52.225
52.275
52.325
52.375
52.425
52.475
52.525
52.575
52.625
52.675
52.725
52.775
52.825
52.875
52.925
52.975
53.025
53.075
53.125
53.175
53.225
53.275
53.325
53.375
53.425
53.475
53.525
53.575
53.625
53.675
53.725
53.775
53.825
53.875
53.925
53.975
54.025
54.075
54.125
54.175
54.225
54.275
54.325
54.375
54.425
54.475
54.525
54.575
54.625
54.675
54.725
54.775
54.825
54.875
54.925
54.975
55.025
55.075
55.125
55.175
55.225
55.275
55.325
55.375
55.425
55.475
55.525
55.575
55.625
55.675
55.725
55.775
55.825
55.875
55.925
55.975
56.025
56.075
56.125
56.175
56.225
56.275
56.325
56.375
56.425
56.475
56.525
56.575
56.625
56.675
56.725
56.775
56.825
56.875
56.925
56.975
57.025
57.075
57.125
57.175
57.225
57.275
57.325
57.375
57.425
57.475
57.525
57.575
57.625
57.675
57.725
57.775
57.825
57.875
57.925
57.975
58.025
58.075
58.125
58.175
58.225
58.275
58.325
58.375
58.425
58.475
58.525
58.575
58.625
58.675
58.725
58.775
58.825
58.875
58.925
58.975
59.025
59.075
59.125
59.175
59.225
59.275
59.325
59.375
59.425
59.475
59.525
59.575
59.625
59.675
59.725
59.775
59.825
59.875
59.925
59.975
60.025
60.075
60.125
60.175
60.225
60.275
60.325
60.375
60.425
60.475
60.525
60.575
60.625
60.675
60.725
60.775
60.825
60.875
60.925
60.975
61.025
61.075
61.125
61.175
61.225
61.275
61.325
61.375
61.425
61.475
61.525
61.575
61.625
61.675
61.725
61.775
61.825
61.875
61.925
61.975
62.025
62.075
62.125
62.175
62.225
62.275
62.325
62.375
62.425
62.475
62.525
62.575
62.625
62.675
62.725
62.775
62.825
62.875
62.925
62.975
63.025
63.075
63.125
63.175
63.225
63.275
63.325
63.375
63.425
63.475
63.525
63.575
63.625
63.675
63.725
63.775
63.825
63.875
63.925
63.975
64.025
64.075
64.125
64.175
64.225
64.275
64.325
64.375
64.425
64.475
64.525
64.575
64.625
64.675
64.725
64.775
64.825
64.875
64.925
64.975
65.025
65.075
65.125
65.175
65.225
65.275
65.325
65.375
65.425
65.475
65.525
65.575
65.625
65.675
65.725
65.775
65.825
65.875
65.925
65.975
66.025
66.075
66.125
66.175
66.225
66.275
66.325
66.375
66.425
66.475
66.525
66.575
66.625
66.675
66.725
66.775
66.825
66.875
66.925
66.975
67.025
67.075
67.125
67.175
67.225
67.275
67.325
67.375
67.425
67.475
67.525
67.575
67.625
67.675
67.725
67.775
67.825
67.875
67.925
67.975
68.025
68.075
68.125
68.175
68.225
68.275
68.325
68.375
68.425
68.475
68.525
68.575
68.625
68.675
68.725
68.775
68.825
68.875
68.925
68.975
69.025
69.075
69.125
69.175
69.225
69.275
69.325
69.375
69.425
69.475
69.525
69.575
69.625
69.675
69.725
69.775
69.825
69.875
69.925
69.975
70.025
70.075
70.125
70.175
70.225
70.275
70.325
70.375
70.425
70.475
70.525
70.575
70.625
70.675
70.725
70.775
70.825
70.875
70.925
70.975
71.025
71.075
71.125
71.175
71.225
71.275
71.325
71.375
71.425
71.475
71.525
71.575
71.625
71.675
71.725
71.775
71.825
71.875
71.925
71.975
72.025
72.075
72.125
72.175
72.225
72.275
72.325
72.375
72.425
72.475
72.525
72.575
72.625
72.675
72.725
72.775
72.825
72.875
72.925
72.975
73.025
73.075
73.125
73.175
73.225
73.275
73.325
73.375
73.425
73.475
73.525
73.575
73.625
73.675
73.725
73.775
73.825
73.875
73.925
73.975
74.025
74.075
74.125
74.175
74.225
74.275
74.325
74.375
74.425
74.475
74.525
74.575
74.625
74.675
74.725
74.775
74.825
74.875
74.925
74.975
75.025
75.075
75.125
75.175
75.225
75.275
75.325
75.375
75.425
75.475
75.525
75.575
75.625
75.675
75.725
75.775
75.825
75.875
75.925
75.975
76.025
76.075
76.125
76.175
76.225
76.275
76.325
76.375
76.425
76.475
76.525
76.575
76.625
76.675
76.725
76.775
76.825
76.875
76.925
76.975
77.025
77.075
77.125
77.175
77.225
77.275
77.325
77.375
77.425
77.475
77.525
77.575
77.625
77.675
77.725
77.775
77.825
77.875
77.925
77.975
78.025
78.075
78.125
78.175
78.225
78.275
78.325
78.375
78.425
78.475
78.525
78.575
78.625
78.675
78.725
78.775
78.825
78.875
78.925
78.975
79.025
79.075
79.125
79.175
79.225
79.275
79.325
79.375
79.425
79.475
79.525
79.575
79.625
79.675
79.725
79.775
79.825
79.875
79.925
79.975
80.025
80.075
80.125
80.175
80.225
80.275
80.325
80.375
80.425
80.475
80.525
80.575
80.625
80.675
80.725
80.775
80.825
80.875
80.925
80.975
81.025
81.075
81.125
81.175
81.225
81.275
81.325
81.375
81.425
81.475
81.525
81.575
81.625
81.675
81.725
81.775
81.825
81.875
81.925
81.975
82.025
82.075
82.125
82.175
82.225
82.275
82.325
82.375
82.425
82.475
82.525
82.575
82.625
82.675
82.725
82.775
82.825
82.875
82.925
82.975
83.025
83.075
83.125
83.175
83.225
83.275
83.325
83.375
83.425
83.475
83.525
83.575
83.625
83.675
83.725
83.775
83.825
83.875
83.925
83.975
84.025
84.075
84.125
84.175
84.225
84.275
84.325
84.375
84.425
84.475
84.525
84.575
84.625
84.675
84.725
84.775
84.825
84.875
84.925
84.975
85.025
85.075
85.125
85.175
85.225
85.275
85.325
85.375
85.425
85.475
85.525
85.575
85.625
85.675
85.725
85.775
85.825
85.875
85.925
85.975
86.025
86.075
86.125
86.175
86.225
86.275
86.325
86.375
86.425
86.475
86.525
86.575
86.625
86.675
86.725
86.775
86.825
86.875
86.925
86.975
87.025
87.075
87.125
87.175
87.225
87.275
87.325
87.375
87.425
87.475
87.525
87.575
87.625
87.675
87.725
87.775
87.825
87.875
87.925
87.975
88.025
88.075
88.125
88.175
88.225
88.275
88.325
88.375
88.425
88.475
88.525
88.575
88.625
88.675
88.725
88.775
88.825
88.875
88.925
88.975
89.025
89.075
89.125
89.175
89.225
89.275
89.325
89.375
89.425
89.475
89.525
89.575
89.625
89.675
89.725
89.775
89.825
89.875
89.925
89.975
90.025
90.075
90.125
90.175
90.225
90.275
90.325
90.375
90.425
90.475
90.525
90.575
90.625
90.675
90.725
90.775
90.825
90.875
90.925
90.975
91.025
91.075
91.125
91.175
91.225
91.275
91.325
91.375
91.425
91.475
91.525
91.575
91.625
91.675
91.725
91.775
91.825
91.875
91.925
91.975
92.025
92.075
92.125
92.175
92.225
92.275
92.325
92.375
92.425
92.475
92.525
92.575
92.625
92.675
92.725
92.775
92.825
92.875
92.925
92.975
93.025
93.075
93.125
93.175
93.225
93.275
93.325
93.375
93.425
93.475
93.525
93.575
93.625
93.675
93.725
93.775
93.825
93.875
93.925
93.975
94.025
94.075
94.125
94.175
94.225
94.275
94.325
94.375
94.425
94.475
94.525
94.575
94.625
94.675
94.725
94.775
94.825
94.875
94.925
94.975
95.025
95.075
95.125
95.175
95.225
95.275
95.325
95.375
95.425
95.475
95.525
95.575
95.625
95.675
95.725
95.775
95.825
95.875
95.925
95.975
96.025
96.075
96.125
96.175
96.225
96.275
96.325
96.375
96.425
96.475
96.525
96.575
96.625
96.675
96.725
96.775
96.825
96.875
96.925
96.975
97.025
97.075
97.125
97.175
97.225
97.275
97.325
97.375
97.425
97.475
97.525
97.575
97.625
97.675
97.725
97.775
97.825
97.875
97.925
97.975
98.025
98.075
98.125
98.175
98.225
98.275
98.325
98.375
98.425
98.475
98.525
98.575
98.625
98.675
98.725
98.775
98.825
98.875
98.925
98.975
99.025
99.075
99.125
99.175
99.225
99.275
99.325
99.375
99.425
99.475
99.525
99.575
99.625
99.675
99.725
99.775
99.825
99.875
99.925
99.975
100.025
100.075
100.125
100.175
100.225
100.275
100.325
100.375
100.425
100.475
100.525
100.575
100.625
100.675
100.725
100.775
100.825
100.875
100.925
100.975
101.025
101.075
101.125
101.175
101.225
101.275
101.325
101.375
101.425
101.475
101.525
101.575
101.625
101.675
101.725
101.775
101.825
101.875
101.925
101.975
102.025
102.075
102.125
102.175
102.225
102.275
102.325
102.375
102.425
102.475
102.525
102.575
102.625
102.675
102.725
102.775
102.825
102.875
102.925
102.975
103.025
103.075
103.125
103.175
103.225
103.275
103.325
103.375
103.425
103.475
103.525
103.575
103.625
103.675
103.725
103.775
103.825
103.875
103.925
103.975
104.025
104.075
104.125
104.175
104.225
104.275
104.325
104.375
104.425
104.475
104.525
104.575
104.625
104.675
104.725
104.775
104.825
104.875
104.925
104.975
105.025
105.075
105.125
105.175
105.225
105.275
105.325
105.375
105.425
105.475
105.525
105.575
105.625
105.675
105.725
105.775
105.825
105.875
105.925
105.975
106.025
106.075
106.125
106.175
106.225
106.275
106.325
106.375
106.425
106.475
106.525
106.575
106.625
106.675
106.725
106.775
106.825
106.875
106.925
106.975
107.025
107.075
107.125
107.175
107.225
107.275
107.325
107.375
107.425
107.475
107.525
107.575
107.625
107.675
107.725
107.775
107.825
107.875
107.925
107.975
108.025
108.075
108.125
108.175
108.225
108.275
108.325
108.375
108.425
108.475
108.525
108.575
108.625
108.675
108.725
108.775
108.825
108.875
108.925
108.975
109.025
109.075
109.125
109.175
109.225
109.275
109.325
109.375
109.425
109.475
109.525
109.575
109.625
109.675
109.725
109.775
109.825
109.875
109.925
109.975
110.025
110.075
110.125
110.175
110.225
110.275
110.325
110.375
110.425
110.475
110.525
110.575
110.625
110.675
110.725
110.775
110.825
110.875
110.925
110.975
111.025
111.075
111.125
111.175
111.225
111.275
111.325
111.375
111.425
111.475
111.525
111.575
111.625
111.675
111.725
111.775
111.825
111.875
111.925
111.975
112.025
112.075
112.125
112.175
112.225
112.275
112.325
112.375
112.425
112.475
112.525
112.575
112.625
112.675
112.725
112.775
112.825
112.875
112.925
112.975
113.025
113.075
113.125
113.175
113.225
113.275
113.325
113.375
113.425
113.475
113.525
113.575
113.625
113.675
113.725
113.775
113.825
113.875
113.925
113.975
114.025
114.075
114.125
114.175
114.225
114.275
114.325
114.375
114.425
114.475
114.525
114.575
114.625
114.675
114.725
114.775
114.825
114.875
114.925
114.975
115.025
115.075
115.125
115.175
115.225
115.275
115.325
115.375
115.425
115.475
115.525
115.575
115.625
115.675
115.725
115.775
115.825
115.875
115.925
115.975
116.025
116.075
116.125
116.175
116.225
116.275
116.325
116.375
116.425
116.475
116.525
116.575
116.625
116.675
116.725
116.775
116.825
116.875
116.925
116.975
117.025
117.075
117.125
117.175
117.225
117.275
117.325
117.375
117.425
117.475
117.525
117.575
117.625
117.675
117.725
117.775
117.825
117.875
117.925
117.975
118.025
118.075
118.125
118.175
118.225
118.275
118.325
118.375
118.425
118.475
118.525
118.575
118.625
118.675
118.725
118.775
118.825
118.875
118.925
118.975
119.025
119.075
119.125
119.175
119.225
119.275
119.325
119.375
119.425
119.475
119.525
119.575
119.625
119.675
119.725
119.775
119.825
119.875
119.925
119.975
120.025
120.075
120.125
120.175
120.225
120.275
120.325
120.375
120.425
120.475
120.525
120.575
120.625
120.675
120.725
120.775
120.825
120.875
120.925
120.975
121.025
121.075
121.125
121.175
121.225
121.275
121.325
121.375
121.425
121.475
121.525
121.575
121.625
121.675
121.725
121.775
121.825
121.875
121.925
121.975
122.025
122.075
122.125
122.175
122.225
122.275
122.325
122.375
122.425
122.475
122.525
122.575
122.625
122.675
122.725
122.775
122.825
122.875
122.925
122.975
123.025
123.075
123.125
123.175
123.225
123.275
123.325
123.375
123.425
123.475
123.525
123.575
123.625
123.675
123.725
123.775
123.825
123.875
123.925
123.975
124.025
124.075
124.125
124.175
124.225
124.275
124.325
124.375
124.425
124.475
124.525
124.575
124.625
124.675
124.725
124.775
124.825
124.875
124.925
124.975
125.025
125.075
125.125
125.175
125.225
125.275
125.325
125.375
125.425
125.475
125.525
125.575
125.625
125.675
125.725
125.775
125.825
125.875
125.925
125.975
126.025
126.075
126.125
126.175
126.225
126.275
126.325
126.375
126.425
126.475
126.525
126.575
126.625
126.675
126.725
126.775
126.825
126.875
126.925
126.975
127.025
127.075
127.125
127.175
127.225
127.275
127.325
127.375
127.425
127.475
127.525
127.575
127.625
127.675
127.725
127.775
127.825
127.875
127.925
127.975
128.025
128.075
128.125
128.175
128.225
128.275
128.325
128.375
128.425
128.475
128.525
128.575
128.625
128.675
128.725
128.775
128.825
128.875
128.925
128.975
129.025
129.075
129.125
129.175
129.225
129.275
129.325
129.375
129.425
129.475
129.525
129.575
129.625
129.675
129.725
129.775
129.825
129.875
129.925
129.975
130.025
130.075
130.125
130.175
130.225
130.275
130.325
130.375
130.425
130.475
130.525
130.575
130.625
130.675
130.725
130.775
130.825
130.875
130.925
130.975
131.025
131.075
131.125
131.175
131.225
131.275
131.325
131.375
131.425
131.475
131.525
131.575
131.625
131.675
131.725
131.775
131.825
131.875
131.925
131.975
132.025
132.075
132.125
132.175
132.225
132.275
132.325
132.375
132.425
132.475
132.525
132.575
132.625
132.675
132.725
132.775
132.825
132.875
132.925
132.975
133.025
133.075
133.125
133.175
133.225
133.275
133.325
133.375
133.425
133.475
133.525
133.575
133.625
133.675
133.725
133.775
133.825
133.875
133.925
133.975
134.025
134.075
134.125
134.175
134.225
134.275
134.325
134.375
134.425
134.475
134.525
134.575
134.625
134.675
134.725
134.775
134.825
134.875
134.925
134.975
135.025
135.075
135.125
135.175
135.225
135.275
135.325
135.375
135.425
135.475
135.525
135.575
135.625
135.675
135.725
135.775
135.825
135.875
135.925
135.975
136.025
136.075
136.125
136.175
136.225
136.275
136.325
136.375
136.425
136.475
136.525
136.575
136.625
136.675
136.725
136.775
136.825
136.875
136.925
136.975
137.025
137.075
137.125
137.175
137.225
137.275
137.325
137.375
137.425
137.475
137.525
137.575
137.625
137.675
137.725
137.775
137.825
137.875
137.925
137.975
138.025
138.075
138.125
138.175
138.225
138.275
138.325
138.375
138.425
138.475
138.525
138.575
138.625
138.675
138.725
138.775
138.825
138.875
138.925
138.975
139.025
139.075
139.125
139.175
139.225
139.275
139.325
139.375
139.425
139.475
139.525
139.575
139.625
139.675
139.725
139.775
139.825
139.875
139.925
139.975
140.025
140.075
140.125
140.175
140.225
140.275
140.325
140.375
140.425
140.475
140.525
140.575
140.625
140.675
140.725
140.775
140.825
140.875
140.925
140.975
141.025
141.075
141.125
141.175
141.225
141.275
141.325
141.375
141.425
141.475
141.525
141.575
141.625
141.675
141.725
141.775
141.825
141.875
141.925
141.975
142.025
142.075
142.125
142.175
142.225
142.275
142.325
142.375
142.425
142.475
142.525
142.575
142.625
142.675
142.725
142.775
142.825
142.875
142.925
142.975
143.025
143.075
143.125
143.175
143.225
143.275
143.325
143.375
143.425
143.475
143.525
143.575
143.625
143.675
143.725
143.775
143.825
143.875
143.925
143.975
144.025
144.075
144.125
144.175
144.225
144.275
144.325
144.375
144.425
144.475
144.525
144.575
144.625
144.675
144.725
144.775
144.825
144.875
144.925
144.975
145.025
145.075
145.125
145.175
145.225
145.275
145.325
145.375
145.425
145.475
145.525
145.575
145.625
145.675
145.725
145.775
145.825
145.875
145.925
145.975
146.025
146.075
146.125
146.175
146.225
146.275
146.325
146.375
146.425
146.475
146.525
146.575
146.625
146.675
146.725
146.775
146.825
146.875
146.925
146.975
147.025
147.075
147.125
147.175
147.225
147.275
147.325
147.375
147.425
147.475
147.525
147.575
147.625
147.675
147.725
147.775
147.825
147.875
147.925
147.975
148.025
148.075
148.125
148.175
148.225
148.275
148.325
148.375
148.425
148.475
148.525
148.575
148.625
148.675
148.725
148.775
148.825
148.875
148.925
148.975
149.025
149.075
149.125
149.175
149.225
149.275
149.325
149.375
149.425
149.475
149.525
149.575
149.625
149.675
149.725
149.775
149.825
149.875
149.925
149.975
150.025
150.075
150.125
150.175
150.225
150.275
150.325
150.375
150.425
150.475
150.525
150.575
150.625
150.675
150.725
150.775
150.825
150.875
150.925
150.975
151.025
151.075
151.125
151.175
151.225
151.275
151.325
151.375
151.425
151.475
151.525
151.575
151.625
151.675
151.725
151.775
151.825
151.875
151.925
151.975
152.025
152.075
152.125
152.175
152.225
152.275
152.325
152.375
152.425
152.475
152.525
152.575
152.625
152.675
152.725
152.775
152.825
152.875
152.925
152.975
153.025
153.075
153.125
153.175
153.225
153.275
153.325
153.375
153.425
153.475
153.525
153.575
153.625
153.675
153.725
153.775
153.825
153.875
153.925
153.975
154.025
154.075
154.125
154.175
154.225
154.275
154.325
154.375
154.425
154.475
154.525
154.575
154.625
154.675
154.725
154.775
154.825
154.875
154.925
154.975
155.025
155.075
155.125
155.175
155.225
155.275
155.325
155.375
155.425
155.475
155.525
155.575
155.625
155.675
155.725
155.775
155.825
155.875
155.925
155.975
156.025
156.075
156.125
156.175
156.225
156.275
156.325
156.375
156.425
156.475
156.525
156.575
156.625
156.675
156.725
156.775
156.825
156.875
156.925
156.975
157.025
157.075
157.125
157.175
157.225
157.275
157.325
157.375
157.425
157.475
157.525
157.575
157.625
157.675
157.725
157.775
157.825
157.875
157.925
157.975
158.025
158.075
158.125
158.175
158.225
158.275
158.325
158.375
158.425
158.475
158.525
158.575
158.625
158.675
158.725
158.775
158.825
158.875
158.925
158.975
159.025
159.075
159.125
159.175
159.225
159.275
159.325
159.375
159.425
159.475
159.525
159.575
159.625
159.675
159.725
159.775
159.825
159.875
159.925
159.975
160.025
160.075
160.125
160.175
160.225
160.275
160.325
160.375
160.425
160.475
160.525
160.575
160.625
160.675
160.725
160.775
160.825
160.875
160.925
160.975
161.025
161.075
161.125
161.175
161.225
161.275
161.325
161.375
161.425
161.475
161.525
161.575
161.625
161.675
161.725
161.775
161.825
161.875
161.925
161.975
162.025
162.075
162.125
162.175
162.225
162.275
162.325
162.375
162.425
162.475
162.525
162.575
162.625
162.675
162.725
162.775
162.825
162.875
162.925
162.975
163.025
163.075
163.125
163.175
163.225
163.275
163.325
163.375
163.425
163.475
163.525
163.575
163.625
163.675
163.725
163.775
163.825
163.875
163.925
163.975
164.025
164.075
164.125
164.175
164.225
164.275
164.325
164.375
164.425
164.475
164.525
164.575
164.625
164.675
164.725
164.775
164.825
164.875
164.925
164.975
165.025
165.075
165.125
165.175
165.225
165.275
165.325
165.375
165.425
165.475
165.525
165.575
165.625
165.675
165.725
165.775
165.825
165.875
165.925
165.975
166.025
166.075
166.125
166.175
166.225
166.275
166.325
166.375
166.425
166.475
166.525
166.575
166.625
166.675
166.725
166.775
166.825
166.875
166.925
166.975
167.025
167.075
167.125
167.175
167.225
167.275
167.325
167.375
167.425
167.475
167.525
167.575
167.625
167.675
167.725
167.775
167.825
167.875
167.925
167.975
168.025
168.075
168.125
168.175
168.225
168.275
168.325
168.375
168.425
168.475
168.525
168.575
168.625
168.675
168.725
168.775
168.825
168.875
168.925
168.975
169.025
169.075
169.125
169.175
169.225
169.275
169.325
169.375
169.425
169.475
169.525
169.575
169.625
169.675
169.725
169.775
169.825
169.875
169.925
169.975
170.025
170.075
170.125
170.175
170.225
170.275
170.325
170.375
170.425
170.475
170.525
170.575
170.625
170.675
170.725
170.775
170.825
170.875
170.925
170.975
171.025
171.075
171.125
171.175
171.225
171.275
171.325
171.375
171.425
171.475
171.525
171.575
171.625
171.675
171.725
171.775
171.825
171.875
171.925
171.975
172.025
172.075
172.125
172.175
172.225
172.275
172.325
172.375
172.425
172.475
172.525
172.575
172.625
172.675
172.725
172.775
172.825
172.875
172.925
172.975
173.025
173.075
173.125
173.175
173.225
173.275
173.325
173.375
173.425
173.475
173.525
173.575
173.625
173.675
173.725
173.775
173.825
173.875
173.925
173.975
174.025
174.075
174.125
174.175
174.225
174.275
174.325
174.375
174.425
174.475
174.525
174.575
174.625
174.675
174.725
174.775
174.825
174.875
174.925
174.975
175.025
175.075
175.125
175.175
175.225
175.275
175.325
175.375
175.425
175.475
175.525
175.575
175.625
175.675
175.725
175.775
175.825
175.875
175.925
175.975
176.025
176.075
176.125
176.175
176.225
176.275
176.325
176.375
176.425
176.475
176.525
176.575
176.625
176.675
176.725
176.775
176.825
176.875
176.925
176.975
177.025
177.075
177.125
177.175
177.225
177.275
177.325
177.375
177.425
177.475
177.525
177.575
177.625
177.675
177.725
177.775
177.825
177.875
177.925
177.975
178.025
178.075
178.125
178.175
178.225
178.275
178.325
178.375
178.425
178.475
178.525
178.575
178.625
178.675
178.725
178.775
178.825
178.875
178.925
178.975
179.025
179.075
179.125
179.175
179.225
179.275
179.325
179.375
179.425
179.475
179.525
179.575
179.625
179.675
179.725
179.775
179.825
179.875
179.925
179.975
180.025
180.075
180.125
180.175
180.225
180.275
180.325
180.375
180.425
180.475
180.525
180.575
180.625
180.675
180.725
180.775
180.825
180.875
180.925
180.975
181.025
181.075
181.125
181.175
181.225
181.275
181.325
181.375
181.425
181.475
181.525
181.575
181.625
181.675
181.725
181.775
181.825
181.875
181.925
181.975
182.025
182.075
182.125
182.175
182.225
182.275
182.325
182.375
182.425
182.475
182.525
182.575
182.625
182.675
182.725
182.775
182.825
182.875
182.925
182.975
183.025
183.075
183.125
183.175
183.225
183.275
183.325
183.375
183.425
183.475
183.525
183.575
183.625
183.675
183.725
183.775
183.825
183.875
183.925
183.975
184.025
184.075
184.125
184.175
184.225
184.275
184.325
184.375
184.425
184.475
184.525
184.575
184.625
184.675
184.725
184.775
184.825
184.875
184.925
184.975
185.025
185.075
185.125
185.175
185.225
185.275
185.325
185.375
185.425
185.475
185.525
185.575
185.625
185.675
185.725
185.775
185.825
185.875
185.925
185.975
186.025
186.075
186.125
186.175
186.225
186.275
186.325
186.375
186.425
186.475
186.525
186.575
186.625
186.675
186.725
186.775
186.825
186.875
186.925
186.975
187.025
187.075
187.125
187.175
187.225
187.275
187.325
187.375
187.425
187.475
187.525
187.575
187.625
187.675
187.725
187.775
187.825
187.875
187.925
187.975
188.025
188.075
188.125
188.175
188.225
188.275
188.325
188.375
188.425
188.475
188.525
188.575
188.625
188.675
188.725
188.775
188.825
188.875
188.925
188.975
189.025
189.075
189.125
189.175
189.225
189.275
189.325
189.375
189.425
189.475
189.525
189.575
189.625
189.675
189.725
189.775
189.825
189.875
189.925
189.975
190.025
190.075
190.125
190.175
190.225
190.275
190.325
190.375
190.425
190.475
190.525
190.575
190.625
190.675
190.725
190.775
190.825
190.875
190.925
190.975
191.025
191.075
191.125
191.175
191.225
191.275
191.325
191.375
191.425
191.475
191.525
191.575
191.625
191.675
191.725
191.775
191.825
191.875
191.925
191.975
192.025
192.075
192.125
192.175
192.225
192.275
192.325
192.375
192.425
192.475
192.525
192.575
192.625
192.675
192.725
192.775
192.825
192.875
192.925
192.975
193.025
193.075
193.125
193.175
193.225
193.275
193.325
193.375
193.425
193.475
193.525
193.575
193.625
193.675
193.725
193.775
193.825
193.875
193.925
193.975
194.025
194.075
194.125
194.175
194.225
194.275
194.325
194.375
194.425
194.475
194.525
194.575
194.625
194.675
194.725
194.775
194.825
194.875
194.925
194.975
195.025
195.075
195.125
195.175
195.225
195.275
195.325
195.375
195.425
195.475
195.525
195.575
195.625
195.675
195.725
195.775
195.825
195.875
195.925
195.975
196.025
196.075
196.125
196.175
196.225
196.275
196.325
196.375
196.425
196.475
196.525
196.575
196.625
196.675
196.725
196.775
196.825
196.875
196.925
196.975
197.025
197.075
197.125
197.175
197.225
197.275
197.325
197.375
197.425
197.475
197.525
197.575
197.625
197.675
197.725
197.775
197.825
197.875
197.925
197.975
198.025
198.075
198.125
198.175
198.225
198.275
198.325
198.375
198.425
198.475
198.525
198.575
198.625
198.675
198.725
198.775
198.825
198.875
198.925
198.975
199.025
199.075
199.125
199.175
199.225
199.275
199.325
199.375
199.425
199.475
199.525
199.575
199.625
199.675
199.725
199.775
199.825
